.Random.seed <-
c(403L, 232L, 126385156L, 695222165L, -1196762617L, -1896310673L, 
-467684339L, 1470558775L, 1333581407L, 421323105L, 1743629773L, 
786947926L, -1458050658L, -826483103L, 1152554506L, -812228556L, 
-646876200L, -99737891L, -1763579076L, 853666158L, -694417143L, 
1626714023L, 481633140L, -781383948L, -1999096004L, 382390527L, 
-1353692892L, 1738502788L, -763870832L, -1610883267L, -1730350516L, 
-482948083L, -685911361L, 1172580382L, -806972181L, 1305953730L, 
2139070975L, 378745338L, 2099174474L, 1894023961L, 1661314235L, 
795206098L, 1915351637L, -621452772L, 115692798L, -958653703L, 
1190685131L, -1808793527L, -1286554434L, -1219248629L, -1165721554L, 
1812501922L, -1635299969L, 1798456983L, 1666031647L, -2137546715L, 
-855409003L, -600301364L, 2043822268L, 1548550018L, 1067855120L, 
-1832014944L, 256136876L, 599862870L, -1577118697L, 56878797L, 
880110492L, 289606642L, 1066353937L, -1752274859L, 905932134L, 
-333818863L, 896728656L, -2003224448L, -1073459013L, 1247495967L, 
921475616L, 834213188L, 1619379867L, 678529551L, -1061218055L, 
-1306181112L, -761846991L, -1468460710L, -906327112L, -310304515L, 
-1802956993L, -1739537770L, -584301062L, 1018648907L, -2117519054L, 
-295481310L, -937337443L, 1868301895L, 2104245069L, -1225990609L, 
55946174L, -2037412585L, -2075567468L, -1088902852L, -13894024L, 
-279976857L, -1242949562L, 1850254434L, 643643259L, 1570223850L, 
788721866L, -398128120L, -777466147L, 1935640965L, 752353721L, 
230322037L, 1960651032L, 1409080087L, -1529128930L, -1599477027L, 
2028813491L, 1145517586L, -1863095631L, 1534518393L, 761297173L, 
-1874303069L, 1257940085L, 1171123570L, 1918010053L, -697820977L, 
282922527L, 1346174017L, 694330092L, 686020524L, 2025616573L, 
2105515853L, 1332265178L, 2113174642L, 1569908137L, -1349043358L, 
-1744156967L, -1676173541L, -1348701464L, 110706320L, -220538987L, 
39454705L, 65305516L, 42224026L, -103805206L, 1383835981L, -1808420934L, 
-1766868299L, -1898971937L, 538969770L, 1328291348L, 1248520507L, 
1422050447L, 479038258L, -1866240795L, -95220713L, -497404492L, 
1396618176L, 895618274L, -1088342172L, -1443811223L, -166653828L, 
-1620908925L, -682928583L, -709350601L, 1378578010L, -616917289L, 
-825156031L, -1991645702L, -1436772049L, 2093382397L, 1263613148L, 
1574811360L, -1572015025L, 838832444L, -936468034L, 1171643678L, 
-1818105185L, -1354789847L, 1309754462L, -954346469L, -1911628367L, 
1530999589L, -641704853L, 902603854L, 1382596744L, -544436915L, 
377229112L, -55249564L, -739207405L, -197637120L, -918339986L, 
-409291766L, 1288698992L, 450333328L, 1881975778L, 1673498150L, 
-1142593199L, -114058449L, -797243354L, -1149183798L, -663886724L, 
-1819563188L, 594198330L, 1369520186L, 540858993L, -534185335L, 
-1143915379L, -2105698294L, -1860006589L, 864740187L, 1450584512L, 
-77153179L, -835480101L, -192196672L, 684673047L, -1068553822L, 
890646737L, -1254354185L, -714168291L, -1850963395L, -1467273924L, 
-1552550011L, 1311198991L, 1024555391L, -986682854L, -495401380L, 
-1917319856L, -1127201941L, -496030922L, -1247389969L, 876374460L, 
-1345846315L, 1085617554L, -1545570356L, -780606449L, 278734076L, 
1604842007L, 1352190933L, -486078632L, -2099130475L, 832532522L, 
324057395L, 1057759407L, -1056041685L, -1664543527L, -1024501174L, 
-644832627L, 1805325749L, 670078325L, -571287899L, 1597362627L, 
2020009042L, -821274693L, 419386517L, -1253252906L, 1377706835L, 
861946947L, -1863068530L, 934412589L, 216335876L, 111840403L, 
-517273716L, -673979168L, 1931682291L, -796013917L, -1782963874L, 
-25363557L, 827080784L, 1830097531L, -1728090604L, 530443263L, 
-1654505193L, 1004721880L, 920602367L, 1894100819L, -2074324033L, 
-2050331531L, -1309436997L, -212976481L, 891001947L, 98876324L, 
-1290661979L, 1391907990L, -334232569L, 760747972L, 733282876L, 
-1013510322L, -649076990L, -543633819L, 1935295319L, 1474977390L, 
527707951L, 1335326375L, -159253369L, 1973515378L, -1313794000L, 
-1624321703L, -1180892884L, 1953810223L, 878661291L, 895232866L, 
-1772538403L, 18906662L, 994249870L, -604644943L, 281371683L, 
-1423901381L, 1860050746L, -792860778L, -828860790L, -1290981011L, 
1396827076L, 747843864L, -853410411L, 529602119L, 1095175451L, 
-1362026114L, -1495617867L, 1344610358L, 885889226L, -877771242L, 
-1188926650L, -925817369L, -2045826273L, -86546622L, 1190106324L, 
-1105567116L, -1425337508L, 188938552L, 231126552L, 1186931709L, 
-341954211L, -950334420L, 1063102032L, -1272115935L, 1426710266L, 
-1065287555L, 1759784753L, 2077627305L, -1283718172L, -1969569672L, 
-668993481L, 1604824553L, -1094355156L, 62615733L, 2130646447L, 
-483344978L, -211832438L, 670382845L, 1414603048L, -1140742341L, 
-94406585L, -1292565904L, 1786587298L, -1829643371L, 757345786L, 
1902586228L, -889458384L, 1738666803L, 926013795L, -1470386258L, 
-797971251L, -408639946L, 1079242492L, 780598401L, -191684050L, 
-696070161L, 1586667775L, -2017785098L, 1384720362L, -2034061398L, 
-315050165L, -61265045L, -1527140571L, -1790086694L, -372258145L, 
-1274699287L, 1644353500L, -595669710L, 1956653446L, -1343453919L, 
-1838840490L, 1989795777L, 1312093113L, -1129024553L, -1299314161L, 
1801467752L, -1700272596L, -1599185995L, 16262203L, -2077407553L, 
1288161885L, 117236907L, -1317138389L, -775407390L, 1537370192L, 
-773381703L, 18155655L, 46790756L, 354393129L, -1220251256L, 
-628744958L, -1175166618L, 1362958691L, 2067870151L, -1622292180L, 
-1794531212L, -235115039L, -85566276L, -1396097784L, 1018473403L, 
1264560443L, 799293458L, -2016491081L, 842661464L, 614771672L, 
1716234259L, -840752995L, -811367904L, 1720358605L, -1777365143L, 
523687801L, 1917570000L, 271943562L, 273637147L, -967980150L, 
1411850369L, 1661315933L, -1167861908L, 1137169971L, 763238424L, 
-68715520L, 1405693255L, -1458094623L, 1677444437L, 48982372L, 
-1173362580L, -701179268L, -565852429L, -1981978142L, 1459827630L, 
466063155L, -1695298951L, 1302643661L, 568189372L, 350360891L, 
547119708L, 360674192L, 1117004932L, 186886964L, -106050028L, 
186356276L, 626817151L, -125580654L, 963847605L, -1478492581L, 
2088064293L, -441418275L, 1728598300L, 1379042844L, 1718111475L, 
1180691757L, 1521978682L, 1752515356L, 71361054L, -920231408L, 
-1780896886L, -2134700043L, -1070860658L, 575690144L, -510350611L, 
1503422245L, 128692589L, -124539697L, 1835361139L, 1956421173L, 
295872510L, -133201697L, 415106104L, 1614138993L, 80567203L, 
-3781603L, -2069769609L, -2103500584L, -2007116988L, -583755267L, 
-1901524978L, -972431784L, -2098040041L, -2088519391L, 1124435325L, 
1100766097L, -801160013L, -241835150L, -209483962L, -360674408L, 
1433063666L, -127842164L, 402145058L, 100630768L, 217636869L, 
-741466705L, 1005030889L, -896795263L, -550659380L, 184082699L, 
-689049850L, -1567187887L, -1065458267L, 1270068816L, 1237569372L, 
1709053970L, -1870238128L, 366962679L, -803650254L, -943536968L, 
-533646938L, 713272919L, 1048786395L, 843737889L, 708151406L, 
-1634872138L, 1839620558L, -1464489510L, 1072334664L, -406110090L, 
2114830148L, 217371830L, -574250893L, 1764627893L, 536607086L, 
1733517621L, -1117541771L, -1481159123L, 1634927597L, 988167617L, 
1960785220L, -1379533444L, 1797582191L, 1708825915L, 514827301L, 
-421066080L, 365773410L, 399090743L, -1570889598L, 1327278572L, 
-1327701993L, 220225788L, -321870405L, 941456634L, 371304826L, 
888751012L, 125184272L, -557992934L, -1861825923L, -1908133807L, 
312848120L, 1908282603L, 173773440L, 1209714098L, -1073635625L, 
120648785L, -1071569330L, -1453479450L, 409982732L, -1685350496L, 
-1617272337L, -1564350657L, 1341921307L, -969482984L, 2073092018L, 
1727739688L, -1541967485L, -1798046265L, 1469871312L, -1260087554L, 
-1881049295L, -1826875484L, 642026994L, -128174863L, -275485690L, 
898451617L, -953249200L, 945674646L, -209462981L, -1188727751L, 
-1720377483L, 1446695830L, -1215335428L, 1180400585L, 58159329L, 
-1567997475L, -1555494184L, 2047024793L, -1961560371L, 179370645L, 
-431737504L, 275114800L, 1493138399L, 447184837L, -587493986L, 
